   44
Bacteroides_fragilis 0.000000 0.318485 0.318872 0.409993 0.366094 0.428593 0.379253
 0.377256 0.365261 0.365261 0.346805 0.323946 0.356424 0.361262 0.370160
 0.379815 0.390195 0.367809 0.347384 0.378754 0.398513 0.400947 0.418901
 0.361921 0.365071 0.374415 0.375255 0.405600 0.347910 0.401658 0.425823
 0.373379 0.374412 0.377610 0.387518 0.394442 0.403442 0.426333 0.375403
 0.366333 0.526865 0.483955 0.423107 0.409568
Chlorobium_limicola_M1 0.318485 0.000000 0.262045 0.352550 0.327953 0.353631 0.306205
 0.309021 0.300960 0.300960 0.308293 0.285057 0.358588 0.308150 0.298599
 0.338038 0.356198 0.316716 0.310531 0.327476 0.339803 0.332445 0.317486
 0.294266 0.313320 0.282022 0.306664 0.324179 0.310357 0.359247 0.386748
 0.337763 0.347739 0.319630 0.335618 0.375689 0.337776 0.358959 0.359241
 0.334467 0.532249 0.391776 0.364043 0.336571
Helicobacter_pylori_T_ATCC_43504 0.318872 0.262045 0.000000 0.317573 0.331852 0.345705 0.295248
 0.298069 0.287244 0.287244 0.331479 0.258884 0.337356 0.287065 0.283788
 0.283842 0.310555 0.290887 0.286384 0.315967 0.319309 0.314932 0.321721
 0.296070 0.315188 0.333691 0.329424 0.349567 0.313700 0.354846 0.391175
 0.312803 0.318262 0.286652 0.337079 0.331536 0.325659 0.347587 0.327325
 0.305526 0.554571 0.390821 0.355921 0.340637
Borrelia_burgdorferi_BbMS 0.409993 0.352550 0.317573 0.000000 0.255696 0.387807 0.338325
 0.338325 0.314971 0.314971 0.354129 0.326445 0.365655 0.331347 0.361717
 0.383276 0.336720 0.348465 0.352362 0.363139 0.363369 0.364422 0.367598
 0.308524 0.324975 0.296038 0.321170 0.356290 0.329525 0.385597 0.440840
 0.345028 0.338228 0.322242 0.368711 0.375689 0.385016 0.413426 0.358797
 0.395086 0.523609 0.461761 0.389236 0.395807
Treponema_sp._ovine_footrot 0.366094 0.327953 0.331852 0.255696 0.000000 0.348197 0.301824
 0.304582 0.310812 0.310812 0.317071 0.295867 0.330172 0.330191 0.343202
 0.376017 0.342312 0.351693 0.360072 0.347955 0.367638 0.375179 0.365602
 0.328283 0.343469 0.295183 0.336533 0.353168 0.325283 0.366905 0.453244
 0.324025 0.341145 0.320736 0.348464 0.360297 0.367691 0.380635 0.339830
 0.322321 0.534831 0.426862 0.382694 0.361775
la072.fasta 0.428593 0.353631 0.345705 0.387807 0.348197 0.000000 0.045042
 0.054776 0.137837 0.137837 0.210086 0.225682 0.332268 0.295747 0.315527
 0.341130 0.346313 0.317536 0.321390 0.345905 0.339122 0.320213 0.374892
 0.337603 0.334564 0.317347 0.333048 0.359680 0.318063 0.414708 0.424219
 0.300888 0.323252 0.279506 0.332268 0.392704 0.362302 0.380716 0.348564
 0.326195 0.542333 0.411933 0.378001 0.353480
lcl|S000824899_EF423589_Bacillus_subtilis_subsp._subtilis_F121112 0.379253 0.306205 0.295248 0.338325 0.301824 0.045042 0.000000
 0.009113 0.090552 0.090552 0.158962 0.184665 0.285992 0.241113 0.260644
 0.289247 0.294475 0.260765 0.264572 0.290061 0.283550 0.274365 0.324248
 0.278480 0.275686 0.259741 0.279880 0.301567 0.265991 0.362440 0.375268
 0.249610 0.271623 0.229781 0.279143 0.337502 0.308340 0.332679 0.295281
 0.280083 0.496250 0.353748 0.324929 0.305140
Bacillus_subtilis_subsp._subtilis_str._168_168 0.377256 0.309021 0.298069 0.338325 0.304582 0.054776 0.009113
 0.000000 0.095597 0.095597 0.164420 0.189495 0.288419 0.245129 0.266156
 0.298543 0.302373 0.268402 0.270881 0.300654 0.291372 0.283382 0.335215
 0.283765 0.279553 0.261109 0.286586 0.305548 0.269817 0.366485 0.379418
 0.254630 0.275410 0.234683 0.280188 0.340071 0.310819 0.332272 0.299501
 0.283772 0.497471 0.360743 0.328854 0.311763
la091.fasta 0.365261 0.300960 0.287244 0.314971 0.310812 0.137837 0.090552
 0.095597 0.000000 0.000000 0.166848 0.194355 0.281957 0.252354 0.278056
 0.309340 0.307910 0.267075 0.270881 0.296540 0.298225 0.281729 0.327359
 0.299058 0.290495 0.259441 0.294764 0.308087 0.279227 0.377028 0.390265
 0.281063 0.284403 0.256426 0.300243 0.368007 0.315787 0.354906 0.299153
 0.279772 0.516902 0.384963 0.338989 0.328761
lcl|S002913152_JF799891_Staphylococcus_epidermidis_CIFRI_D-TSB-21-ZMA 0.365261 0.300960 0.287244 0.314971 0.310812 0.137837 0.090552
 0.095597 0.000000 0.000000 0.166848 0.194355 0.281957 0.252354 0.278056
 0.309340 0.307910 0.267075 0.270881 0.296540 0.298225 0.281729 0.327359
 0.299058 0.290495 0.259441 0.294764 0.308087 0.279227 0.377028 0.390265
 0.281063 0.284403 0.256426 0.300243 0.368007 0.315787 0.354906 0.299153
 0.279772 0.516902 0.384963 0.338989 0.328761
Lactobacillus_jensenii_KC13 0.346805 0.308293 0.331479 0.354129 0.317071 0.210086 0.158962
 0.164420 0.166848 0.166848 0.000000 0.205754 0.288477 0.273540 0.279788
 0.344437 0.348104 0.292032 0.283624 0.327533 0.329430 0.328199 0.377976
 0.301577 0.300139 0.277082 0.314639 0.321996 0.308438 0.354839 0.403454
 0.286648 0.305444 0.269963 0.323949 0.357942 0.344084 0.371330 0.327865
 0.290860 0.510586 0.402878 0.354808 0.336108
Clostridium_botulinum_E 0.323946 0.285057 0.258884 0.326445 0.295867 0.225682 0.184665
 0.189495 0.194355 0.194355 0.205754 0.000000 0.270144 0.254210 0.258932
 0.283433 0.272508 0.248518 0.240487 0.277706 0.272198 0.289247 0.313740
 0.289648 0.295395 0.287131 0.305559 0.317347 0.278284 0.331691 0.401291
 0.271447 0.276278 0.242854 0.296601 0.296543 0.341321 0.326905 0.301934
 0.263067 0.516348 0.363208 0.319083 0.309993
Fusobacterium_nucleatum_subsp._nucleatum_ATCC_25586_ATCC_25586 0.356424 0.358588 0.337356 0.365655 0.330172 0.332268 0.285992
 0.288419 0.281957 0.281957 0.288477 0.270144 0.000000 0.296455 0.330234
 0.348490 0.324717 0.306253 0.304456 0.333172 0.342268 0.332268 0.381242
 0.343984 0.356336 0.329625 0.351680 0.361471 0.319873 0.389294 0.454049
 0.332486 0.325807 0.315967 0.360338 0.363232 0.369617 0.389748 0.350444
 0.318011 0.546322 0.414575 0.352693 0.369163
Agrobacterium_sanguineum_ATCC_25660 0.361262 0.308150 0.287065 0.331347 0.330191 0.295747 0.241113
 0.245129 0.252354 0.252354 0.273540 0.254210 0.296455 0.000000 0.154252
 0.230507 0.238930 0.221651 0.215762 0.219373 0.224247 0.216970 0.290887
 0.274698 0.290525 0.253937 0.282612 0.302618 0.267612 0.338850 0.349819
 0.271210 0.287342 0.248623 0.311898 0.323144 0.313738 0.361452 0.283709
 0.294342 0.466478 0.374229 0.348006 0.300077
Paracoccus_denitrificans_IAM12479 0.370160 0.298599 0.283788 0.361717 0.343202 0.315527 0.260644
 0.266156 0.278056 0.278056 0.279788 0.258932 0.330234 0.154252 0.000000
 0.252451 0.266441 0.224752 0.237096 0.262334 0.253998 0.251870 0.312089
 0.294150 0.297084 0.287211 0.314161 0.325949 0.325545 0.340106 0.363763
 0.276453 0.288244 0.250875 0.307069 0.331977 0.311517 0.351332 0.313776
 0.261250 0.471649 0.363978 0.319732 0.294972
Burkholderia_cepacia_DSM_50181 0.379815 0.338038 0.283842 0.383276 0.376017 0.341130 0.289247
 0.298543 0.309340 0.309340 0.344437 0.283433 0.348490 0.230507 0.252451
 0.000000 0.131511 0.221047 0.211453 0.217452 0.217382 0.258304 0.295476
 0.294619 0.297523 0.288439 0.287407 0.321957 0.298979 0.370948 0.351890
 0.290837 0.301495 0.280626 0.325186 0.331215 0.314518 0.329550 0.342569
 0.333570 0.509197 0.368785 0.338048 0.336049
Neisseria_meningitidis_MC58_MC58 0.390195 0.356198 0.310555 0.336720 0.342312 0.346313 0.294475
 0.302373 0.307910 0.307910 0.348104 0.272508 0.324717 0.238930 0.266441
 0.131511 0.000000 0.209882 0.208994 0.219799 0.211197 0.281566 0.332192
 0.293213 0.301909 0.274275 0.283944 0.312940 0.291774 0.374366 0.368592
 0.301231 0.311985 0.295181 0.343206 0.341588 0.337099 0.336429 0.309135
 0.352687 0.543264 0.388706 0.347050 0.350922
Pseudomonas_aeruginosa_T_DSM50071 0.367809 0.316716 0.290887 0.348465 0.351693 0.317536 0.260765
 0.268402 0.267075 0.267075 0.292032 0.248518 0.306253 0.221651 0.224752
 0.221047 0.209882 0.000000 0.065259 0.175211 0.166666 0.263695 0.323800
 0.276011 0.278844 0.279506 0.289592 0.311488 0.300439 0.342863 0.365132
 0.302658 0.299128 0.286652 0.320774 0.347815 0.332089 0.343852 0.306989
 0.306892 0.492585 0.386241 0.343572 0.324024
Pseudomonas_putida_IAM_1236 0.347384 0.310531 0.286384 0.352362 0.360072 0.321390 0.264572
 0.270881 0.270881 0.270881 0.283624 0.240487 0.304456 0.215762 0.237096
 0.211453 0.208994 0.065259 0.000000 0.174489 0.174051 0.253095 0.300995
 0.280025 0.282859 0.292122 0.296485 0.305197 0.289992 0.346722 0.364453
 0.298023 0.295942 0.275263 0.335057 0.356817 0.321721 0.333319 0.315682
 0.296849 0.507841 0.394229 0.345314 0.331556
Escherichia_coli_CFT073_CFT073 0.378754 0.327476 0.315967 0.363139 0.347955 0.345905 0.290061
 0.300654 0.296540 0.296540 0.327533 0.277706 0.333172 0.219373 0.262334
 0.217452 0.219799 0.175211 0.174489 0.000000 0.046227 0.258753 0.317650
 0.291427 0.303004 0.285294 0.303734 0.332052 0.298642 0.351392 0.378921
 0.279738 0.300224 0.264304 0.307665 0.373471 0.322034 0.339331 0.338171
 0.306522 0.500798 0.380958 0.354517 0.350922
Klebsiella_pneumoniae_F-5-2 0.398513 0.339803 0.319309 0.363369 0.367638 0.339122 0.283550
 0.291372 0.298225 0.298225 0.329430 0.272198 0.342268 0.224247 0.253998
 0.217382 0.211197 0.166666 0.174051 0.046227 0.000000 0.261501 0.326572
 0.297166 0.303000 0.293522 0.300813 0.326088 0.298620 0.368533 0.388617
 0.282441 0.300209 0.269634 0.312366 0.369031 0.328347 0.344550 0.341736
 0.316704 0.505584 0.384830 0.341679 0.323645
Myxococcus_macrosporus_125-10-1 0.400947 0.332445 0.314932 0.364422 0.375179 0.320213 0.274365
 0.283382 0.281729 0.281729 0.328199 0.289247 0.332268 0.216970 0.251870
 0.258304 0.281566 0.263695 0.253095 0.258753 0.261501 0.000000 0.272477
 0.300108 0.291475 0.274066 0.288620 0.322527 0.287196 0.357986 0.384362
 0.286784 0.279150 0.265807 0.311937 0.350989 0.286253 0.312672 0.320329
 0.274670 0.476662 0.372755 0.340324 0.291043
Leptospirillum_ferrooxidans_49879 0.418901 0.317486 0.321721 0.367598 0.365602 0.374892 0.324248
 0.335215 0.327359 0.327359 0.377976 0.313740 0.381242 0.290887 0.312089
 0.295476 0.332192 0.323800 0.300995 0.317650 0.326572 0.272477 0.000000
 0.302652 0.301209 0.302286 0.283432 0.322066 0.304099 0.377811 0.389318
 0.302327 0.301685 0.287969 0.345314 0.370383 0.310097 0.340973 0.358153
 0.321437 0.479504 0.369233 0.331349 0.300666
Anabaena_circinalis_123 0.361921 0.294266 0.296070 0.308524 0.328283 0.337603 0.278480
 0.283765 0.299058 0.299058 0.301577 0.289648 0.343984 0.274698 0.294150
 0.294619 0.293213 0.276011 0.280025 0.291427 0.297166 0.300108 0.302652
 0.000000 0.054624 0.145874 0.132729 0.151570 0.118011 0.291915 0.303737
 0.297929 0.304391 0.273424 0.318008 0.322993 0.324810 0.385478 0.323783
 0.323476 0.450610 0.355662 0.306654 0.308842
Nostoc_sp._TDI_AR94_TDI_AR94 0.365071 0.313320 0.315188 0.324975 0.343469 0.334564 0.275686
 0.279553 0.290495 0.290495 0.300139 0.295395 0.356336 0.290525 0.297084
 0.297523 0.301909 0.278844 0.282859 0.303004 0.303000 0.291475 0.301209
 0.054624 0.000000 0.144708 0.121382 0.151570 0.123638 0.319428 0.334730
 0.280777 0.289921 0.274823 0.307734 0.336623 0.336907 0.385478 0.335923
 0.321996 0.454307 0.365071 0.314004 0.295779
Synechococcus_sp._MW6C6_MW6C6 0.374415 0.282022 0.333691 0.296038 0.295183 0.317347 0.259741
 0.261109 0.259441 0.259441 0.277082 0.287131 0.329625 0.253937 0.287211
 0.288439 0.274275 0.279506 0.292122 0.285294 0.293522 0.274066 0.302286
 0.145874 0.144708 0.000000 0.145874 0.163937 0.165978 0.301567 0.310655
 0.277201 0.290749 0.272666 0.294342 0.328716 0.311082 0.355710 0.323068
 0.312837 0.424604 0.324810 0.296101 0.293954
Oscillatoria_corallinae_CJ1_SAG8.92 0.375255 0.306664 0.329424 0.321170 0.336533 0.333048 0.279880
 0.286586 0.294764 0.294764 0.314639 0.305559 0.351680 0.282612 0.314161
 0.287407 0.283944 0.289592 0.296485 0.303734 0.300813 0.288620 0.283432
 0.132729 0.121382 0.145874 0.000000 0.162217 0.128170 0.324959 0.332418
 0.301557 0.308045 0.288278 0.308455 0.343453 0.328521 0.357811 0.335509
 0.309522 0.443873 0.347053 0.300108 0.295078
Microcystis_aeruginosa_NIES98 0.405600 0.324179 0.349567 0.356290 0.353168 0.359680 0.301567
 0.305548 0.308087 0.308087 0.321996 0.317347 0.361471 0.302618 0.325949
 0.321957 0.312940 0.311488 0.305197 0.332052 0.326088 0.322527 0.322066
 0.151570 0.151570 0.163937 0.162217 0.000000 0.153759 0.361906 0.363920
 0.309585 0.323789 0.315101 0.332934 0.380684 0.360579 0.385687 0.359680
 0.338439 0.501594 0.387497 0.356547 0.332642
Planktothrix_agardhii_CCAP 0.347910 0.310357 0.313700 0.329525 0.325283 0.318063 0.265991
 0.269817 0.279227 0.279227 0.308438 0.278284 0.319873 0.267612 0.325545
 0.298979 0.291774 0.300439 0.289992 0.298642 0.298620 0.287196 0.304099
 0.118011 0.123638 0.165978 0.128170 0.153759 0.000000 0.311717 0.335830
 0.303371 0.317273 0.288620 0.319103 0.319609 0.331942 0.362158 0.321886
 0.314264 0.473070 0.369357 0.339128 0.312871
Chlamydophila_psittaci_6BC_ATCC_VR-125_M13mp8_M13mp9 0.401658 0.359247 0.354846 0.385597 0.366905 0.414708 0.362440
 0.366485 0.377028 0.377028 0.354839 0.331691 0.389294 0.338850 0.340106
 0.370948 0.374366 0.342863 0.346722 0.351392 0.368533 0.357986 0.377811
 0.291915 0.319428 0.301567 0.324959 0.361906 0.311717 0.000000 0.351626
 0.338179 0.355639 0.336296 0.377832 0.393589 0.399846 0.437256 0.365168
 0.376916 0.540273 0.473948 0.392566 0.399051
Planctomyces_sp._282_282 0.425823 0.386748 0.391175 0.440840 0.453244 0.424219 0.375268
 0.379418 0.390265 0.390265 0.403454 0.401291 0.454049 0.349819 0.363763
 0.351890 0.368592 0.365132 0.364453 0.378921 0.388617 0.384362 0.389318
 0.303737 0.334730 0.310655 0.332418 0.363920 0.335830 0.351626 0.000000
 0.362532 0.385261 0.374480 0.379050 0.440840 0.394335 0.435841 0.396547
 0.391616 0.477321 0.408226 0.359895 0.398598
Rhodococcus_equi_T_DSM20307T 0.373379 0.337763 0.312803 0.345028 0.324025 0.300888 0.249610
 0.254630 0.281063 0.281063 0.286648 0.271447 0.332486 0.271210 0.276453
 0.290837 0.301231 0.302658 0.298023 0.279738 0.282441 0.286784 0.302327
 0.297929 0.280777 0.277201 0.301557 0.309585 0.303371 0.338179 0.362532
 0.000000 0.078765 0.111315 0.207105 0.314478 0.281215 0.295824 0.292993
 0.274751 0.465776 0.328161 0.301624 0.291806
Mycobacterium_sp._DhA-55 0.374412 0.347739 0.318262 0.338228 0.341145 0.323252 0.271623
 0.275410 0.284403 0.284403 0.305444 0.276278 0.325807 0.287342 0.288244
 0.301495 0.311985 0.299128 0.295942 0.300224 0.300209 0.279150 0.301685
 0.304391 0.289921 0.290749 0.308045 0.323789 0.317273 0.355639 0.385261
 0.078765 0.000000 0.150622 0.194348 0.309534 0.290324 0.307059 0.311077
 0.291917 0.479201 0.333431 0.305093 0.299570
Streptomyces_sp._EF-93_EF-93 0.377610 0.319630 0.286652 0.322242 0.320736 0.279506 0.229781
 0.234683 0.256426 0.256426 0.269963 0.242854 0.315967 0.248623 0.250875
 0.280626 0.295181 0.286652 0.275263 0.264304 0.269634 0.265807 0.287969
 0.273424 0.274823 0.272666 0.288278 0.315101 0.288620 0.336296 0.374480
 0.111315 0.150622 0.000000 0.217006 0.310166 0.283994 0.309049 0.310260
 0.278825 0.469323 0.330304 0.303745 0.303393
Bifidobacterium_breve_ATCC_15700 0.387518 0.335618 0.337079 0.368711 0.348464 0.332268 0.279143
 0.280188 0.300243 0.300243 0.323949 0.296601 0.360338 0.311898 0.307069
 0.325186 0.343206 0.320774 0.335057 0.307665 0.312366 0.311937 0.345314
 0.318008 0.307734 0.294342 0.308455 0.332934 0.319103 0.377832 0.379050
 0.207105 0.194348 0.217006 0.000000 0.322724 0.313004 0.330864 0.305531
 0.311460 0.502731 0.362702 0.334584 0.325850
Fibrobacter_succinogenes_HM2 0.394442 0.375689 0.331536 0.375689 0.360297 0.392704 0.337502
 0.340071 0.368007 0.368007 0.357942 0.296543 0.363232 0.323144 0.331977
 0.331215 0.341588 0.347815 0.356817 0.373471 0.369031 0.350989 0.370383
 0.322993 0.336623 0.328716 0.343453 0.380684 0.319609 0.393589 0.440840
 0.314478 0.309534 0.310166 0.322724 0.000000 0.350931 0.379228 0.328536
 0.365335 0.501739 0.364043 0.348218 0.345220
Thermus_thermophilus_T 0.403442 0.337776 0.325659 0.385016 0.367691 0.362302 0.308340
 0.310819 0.315787 0.315787 0.344084 0.341321 0.369617 0.313738 0.311517
 0.314518 0.337099 0.332089 0.321721 0.322034 0.328347 0.286253 0.310097
 0.324810 0.336907 0.311082 0.328521 0.360579 0.331942 0.399846 0.394335
 0.281215 0.290324 0.283994 0.313004 0.350931 0.000000 0.252598 0.235701
 0.281168 0.435502 0.305499 0.250952 0.268141
Chloroflexus_aurantiacus_Y-400-fl 0.426333 0.358959 0.347587 0.413426 0.380635 0.380716 0.332679
 0.332272 0.354906 0.354906 0.371330 0.326905 0.389748 0.361452 0.351332
 0.329550 0.336429 0.343852 0.333319 0.339331 0.344550 0.312672 0.340973
 0.385478 0.385478 0.355710 0.357811 0.385687 0.362158 0.437256 0.435841
 0.295824 0.307059 0.309049 0.330864 0.379228 0.252598 0.000000 0.338911
 0.328749 0.489029 0.345091 0.317555 0.315452
Deinococcus_radiodurans_R1 0.375403 0.359241 0.327325 0.358797 0.339830 0.348564 0.295281
 0.299501 0.299153 0.299153 0.327865 0.301934 0.350444 0.283709 0.313776
 0.342569 0.309135 0.306989 0.315682 0.338171 0.341736 0.320329 0.358153
 0.323783 0.335923 0.323068 0.335509 0.359680 0.321886 0.365168 0.396547
 0.292993 0.311077 0.310260 0.305531 0.328536 0.235701 0.338911 0.000000
 0.326617 0.503704 0.389294 0.332377 0.297722
Deferribacter_thermophilus_T_BMA1 0.366333 0.334467 0.305526 0.395086 0.322321 0.326195 0.280083
 0.283772 0.279772 0.279772 0.290860 0.263067 0.318011 0.294342 0.261250
 0.333570 0.352687 0.306892 0.296849 0.306522 0.316704 0.274670 0.321437
 0.323476 0.321996 0.312837 0.309522 0.338439 0.314264 0.376916 0.391616
 0.274751 0.291917 0.278825 0.311460 0.365335 0.281168 0.328749 0.326617
 0.000000 0.471365 0.337562 0.298961 0.276909
Methanococcus_jannaschii 0.526865 0.532249 0.554571 0.523609 0.534831 0.542333 0.496250
 0.497471 0.516902 0.516902 0.510586 0.516348 0.546322 0.466478 0.471649
 0.509197 0.543264 0.492585 0.507841 0.500798 0.505584 0.476662 0.479504
 0.450610 0.454307 0.424604 0.443873 0.501594 0.473070 0.540273 0.477321
 0.465776 0.479201 0.469323 0.502731 0.501739 0.435502 0.489029 0.503704
 0.471365 0.000000 0.346201 0.361040 0.408412
Aquifex_aeolicus_VF5_VF5 0.483955 0.391776 0.390821 0.461761 0.426862 0.411933 0.353748
 0.360743 0.384963 0.384963 0.402878 0.363208 0.414575 0.374229 0.363978
 0.368785 0.388706 0.386241 0.394229 0.380958 0.384830 0.372755 0.369233
 0.355662 0.365071 0.324810 0.347053 0.387497 0.369357 0.473948 0.408226
 0.328161 0.333431 0.330304 0.362702 0.364043 0.305499 0.345091 0.389294
 0.337562 0.346201 0.000000 0.257270 0.263832
Thermotoga_maritima_T 0.423107 0.364043 0.355921 0.389236 0.382694 0.378001 0.324929
 0.328854 0.338989 0.338989 0.354808 0.319083 0.352693 0.348006 0.319732
 0.338048 0.347050 0.343572 0.345314 0.354517 0.341679 0.340324 0.331349
 0.306654 0.314004 0.296101 0.300108 0.356547 0.339128 0.392566 0.359895
 0.301624 0.305093 0.303745 0.334584 0.348218 0.250952 0.317555 0.332377
 0.298961 0.361040 0.257270 0.000000 0.198219
uc_Thermodesulfobacterium_sp._BSpN50 0.409568 0.336571 0.340637 0.395807 0.361775 0.353480 0.305140
 0.311763 0.328761 0.328761 0.336108 0.309993 0.369163 0.300077 0.294972
 0.336049 0.350922 0.324024 0.331556 0.350922 0.323645 0.291043 0.300666
 0.308842 0.295779 0.293954 0.295078 0.332642 0.312871 0.399051 0.398598
 0.291806 0.299570 0.303393 0.325850 0.345220 0.268141 0.315452 0.297722
 0.276909 0.408412 0.263832 0.198219 0.000000
