   42
SEQ0000026 0.000000 0.312740 0.315411 0.388563 0.343175 0.396729 0.359340
 0.358491 0.337737 0.312606 0.347694 0.357034 0.351451 0.365905 0.383861
 0.360368 0.342071 0.372447 0.388338 0.369205 0.403381 0.346766 0.352846
 0.363749 0.354600 0.395156 0.345221 0.382380 0.418045 0.351459 0.353066
 0.368849 0.357116 0.370483 0.393727 0.414597 0.368386 0.339934 0.499818
 0.471526 0.387437 0.372736
SEQ0000027 0.312740 0.000000 0.277898 0.351270 0.324762 0.349356 0.309700
 0.312240 0.322660 0.297311 0.354812 0.305845 0.285133 0.330387 0.351226
 0.329447 0.323246 0.334281 0.347101 0.324711 0.307181 0.314017 0.322285
 0.300624 0.324037 0.346422 0.329126 0.358297 0.373161 0.334467 0.340793
 0.326797 0.336951 0.366363 0.345575 0.366128 0.353071 0.320186 0.530409
 0.406654 0.368541 0.341772
SEQ0000017 0.315411 0.277898 0.000000 0.304665 0.316927 0.321841 0.286086
 0.292954 0.312504 0.247771 0.306924 0.276731 0.271728 0.280420 0.293492
 0.286241 0.279470 0.313426 0.312314 0.294487 0.310866 0.296392 0.311306
 0.330397 0.323543 0.348455 0.308700 0.340170 0.367201 0.302129 0.308574
 0.286032 0.333020 0.332283 0.334692 0.353406 0.329604 0.298796 0.526349
 0.404810 0.346968 0.349691
SEQ0000037 0.388563 0.351270 0.304665 0.000000 0.238241 0.347227 0.309865
 0.312356 0.332246 0.298232 0.335484 0.314725 0.340982 0.358491 0.317413
 0.321957 0.324992 0.339827 0.336162 0.326019 0.334954 0.297827 0.320278
 0.291899 0.318506 0.353190 0.315023 0.363239 0.404089 0.323130 0.312787
 0.302980 0.344215 0.365745 0.368495 0.403338 0.360547 0.357156 0.482210
 0.431645 0.355606 0.375224
SEQ0000038 0.343175 0.324762 0.316927 0.238241 0.000000 0.323333 0.289689
 0.301766 0.306645 0.279705 0.298409 0.309338 0.313807 0.337753 0.321558
 0.319773 0.328439 0.331539 0.349752 0.329420 0.336639 0.312214 0.331376
 0.290423 0.322571 0.348711 0.312189 0.344339 0.412718 0.305600 0.316035
 0.310331 0.325774 0.341352 0.353528 0.373692 0.335612 0.309387 0.482339
 0.403166 0.353771 0.342755
SEQ0000041 0.396729 0.349356 0.321841 0.347227 0.323333 0.000000 0.044523
 0.078200 0.193298 0.234639 0.307435 0.280278 0.294310 0.327394 0.330967
 0.296685 0.303000 0.331802 0.330742 0.300525 0.365219 0.310677 0.302111
 0.288309 0.308948 0.324593 0.308369 0.379839 0.403774 0.284215 0.296792
 0.270517 0.317572 0.349410 0.327370 0.352889 0.324405 0.308207 0.491707
 0.390240 0.332808 0.329525
SEQ0000042 0.359340 0.309700 0.286086 0.309865 0.289689 0.044523 0.000000
 0.035120 0.143970 0.191483 0.259732 0.242547 0.257514 0.291315 0.292723
 0.263318 0.262171 0.289247 0.288132 0.265971 0.315516 0.273369 0.267479
 0.251149 0.268555 0.290933 0.268070 0.340026 0.371754 0.238910 0.251637
 0.226189 0.268217 0.315310 0.290902 0.313926 0.284474 0.262180 0.448783
 0.354324 0.299995 0.291389
SEQ0000018 0.358491 0.312240 0.292954 0.312356 0.301766 0.078200 0.035120
 0.000000 0.152693 0.200237 0.267270 0.244850 0.262943 0.294558 0.297036
 0.271666 0.264238 0.295692 0.291352 0.274336 0.326554 0.269286 0.268798
 0.258797 0.270956 0.292314 0.268312 0.337747 0.368162 0.240140 0.259170
 0.231406 0.266348 0.316732 0.298843 0.319915 0.284732 0.259109 0.454925
 0.355493 0.305472 0.295692
SEQ0000019 0.337737 0.322660 0.312504 0.332246 0.306645 0.193298 0.143970
 0.152693 0.000000 0.204881 0.265174 0.278229 0.276648 0.334522 0.336918
 0.300546 0.287365 0.312027 0.317871 0.304919 0.362672 0.294817 0.292045
 0.274117 0.300997 0.314923 0.292349 0.335077 0.376212 0.275794 0.292468
 0.264481 0.315177 0.337931 0.330903 0.357864 0.316809 0.281741 0.474426
 0.389660 0.341908 0.326159
SEQ0000020 0.312606 0.297311 0.247771 0.298232 0.279705 0.234639 0.191483
 0.200237 0.204881 0.000000 0.258663 0.265230 0.256857 0.279825 0.281308
 0.259979 0.248343 0.284318 0.285251 0.278810 0.299130 0.279101 0.290814
 0.278844 0.287460 0.308105 0.274782 0.318160 0.382995 0.261776 0.268702
 0.230987 0.279543 0.291739 0.335552 0.322228 0.310385 0.266332 0.467646
 0.350927 0.309447 0.307851
SEQ0000023 0.347694 0.354812 0.306924 0.335484 0.298409 0.307435 0.259732
 0.267270 0.265174 0.258663 0.000000 0.291936 0.320841 0.320832 0.317613
 0.289950 0.281020 0.332222 0.334634 0.317359 0.352576 0.345630 0.358283
 0.330153 0.343766 0.363894 0.321895 0.365174 0.431938 0.312580 0.314246
 0.296009 0.351794 0.345169 0.361236 0.381838 0.325939 0.313001 0.521226
 0.400518 0.340482 0.346771
SEQ0000008 0.357034 0.305845 0.276731 0.314725 0.309338 0.280278 0.242547
 0.244850 0.278229 0.265230 0.291936 0.000000 0.152196 0.227288 0.235894
 0.231184 0.216637 0.227726 0.230366 0.216647 0.293792 0.280725 0.302956
 0.260181 0.276640 0.310130 0.268975 0.320684 0.339529 0.258764 0.272295
 0.245557 0.298995 0.314460 0.306678 0.357112 0.290421 0.287132 0.453778
 0.383748 0.333060 0.287295
SEQ0000009 0.351451 0.285133 0.271728 0.340982 0.313807 0.294310 0.257514
 0.262943 0.276648 0.256857 0.320841 0.152196 0.000000 0.239344 0.254569
 0.226598 0.231369 0.258866 0.257417 0.244290 0.298125 0.292820 0.294839
 0.278303 0.298884 0.318514 0.316409 0.328096 0.352426 0.257948 0.270504
 0.240242 0.293167 0.313474 0.301773 0.347878 0.312045 0.260181 0.443263
 0.363411 0.304967 0.279990
SEQ0000010 0.365905 0.330387 0.280420 0.358491 0.337753 0.327394 0.291315
 0.294558 0.334522 0.279825 0.320832 0.227288 0.239344 0.000000 0.125850
 0.196500 0.190202 0.218724 0.221598 0.233217 0.288434 0.294733 0.289963
 0.279617 0.273345 0.311850 0.285816 0.345933 0.326556 0.280815 0.291758
 0.272718 0.310272 0.317143 0.311133 0.346093 0.346035 0.313180 0.478817
 0.362228 0.310501 0.299971
SEQ0000011 0.383861 0.351226 0.293492 0.317413 0.321558 0.330967 0.292723
 0.297036 0.336918 0.281308 0.317613 0.235894 0.254569 0.125850 0.000000
 0.199419 0.195008 0.220566 0.211866 0.253673 0.313101 0.291124 0.300978
 0.273938 0.277056 0.311533 0.278994 0.349807 0.340458 0.283383 0.291527
 0.279615 0.327534 0.325980 0.335075 0.348055 0.320583 0.315616 0.506575
 0.381416 0.320828 0.325823
SEQ0000012 0.360368 0.329447 0.286241 0.321957 0.319773 0.296685 0.263318
 0.271666 0.300546 0.259979 0.289950 0.231184 0.226598 0.196500 0.199419
 0.000000 0.063338 0.174213 0.170080 0.237646 0.309013 0.281902 0.281642
 0.276895 0.278919 0.308105 0.290006 0.327023 0.350882 0.284935 0.280026
 0.278963 0.297412 0.322282 0.322172 0.343203 0.311176 0.289720 0.451657
 0.363763 0.307986 0.298604
SEQ0000013 0.342071 0.323246 0.279470 0.324992 0.328439 0.303000 0.262171
 0.264238 0.287365 0.248343 0.281020 0.216637 0.231369 0.190202 0.195008
 0.063338 0.000000 0.172739 0.174983 0.229822 0.291720 0.279763 0.282813
 0.288042 0.278994 0.304668 0.271352 0.325525 0.346903 0.274964 0.272270
 0.261665 0.301594 0.327134 0.315310 0.331442 0.315705 0.273613 0.468841
 0.373521 0.312715 0.298890
SEQ0000014 0.372447 0.334281 0.313426 0.339827 0.331539 0.331802 0.289247
 0.295692 0.312027 0.284318 0.332222 0.227726 0.258866 0.218724 0.220566
 0.174213 0.172739 0.000000 0.040711 0.247324 0.308447 0.300978 0.312096
 0.283596 0.302399 0.331017 0.292009 0.333383 0.375581 0.273393 0.288067
 0.258039 0.296911 0.353847 0.322118 0.352784 0.337706 0.288224 0.476129
 0.370554 0.344894 0.324694
SEQ0000015 0.388338 0.347101 0.312314 0.336162 0.349752 0.330742 0.288132
 0.291352 0.317871 0.285251 0.334634 0.230366 0.257417 0.221598 0.211866
 0.170080 0.174983 0.040711 0.000000 0.246358 0.315048 0.297568 0.308672
 0.283534 0.298995 0.322868 0.283073 0.347614 0.370963 0.269834 0.282278
 0.257675 0.300208 0.349742 0.323316 0.356622 0.342539 0.294876 0.479679
 0.373166 0.335730 0.315753
SEQ0000016 0.369205 0.324711 0.294487 0.326019 0.329420 0.300525 0.265971
 0.274336 0.304919 0.278810 0.317359 0.216647 0.244290 0.233217 0.253673
 0.237646 0.229822 0.247324 0.246358 0.000000 0.260479 0.294184 0.290544
 0.268132 0.271752 0.308962 0.272345 0.327716 0.353091 0.266865 0.260989
 0.248698 0.294954 0.320782 0.281462 0.311093 0.308057 0.260335 0.449299
 0.357490 0.305762 0.262971
SEQ0000024 0.403381 0.307181 0.310866 0.334954 0.336639 0.365219 0.315516
 0.326554 0.362672 0.299130 0.352576 0.293792 0.298125 0.288434 0.313101
 0.309013 0.291720 0.308447 0.315048 0.260479 0.000000 0.309463 0.310021
 0.308617 0.300461 0.328982 0.312844 0.340017 0.369456 0.278756 0.275016
 0.268455 0.328691 0.362913 0.320289 0.354927 0.369864 0.297924 0.461919
 0.369554 0.318984 0.294695
SEQ0000006 0.346766 0.314017 0.296392 0.297827 0.312214 0.310677 0.273369
 0.269286 0.294817 0.279101 0.345630 0.280725 0.292820 0.294733 0.291124
 0.281902 0.279763 0.300978 0.297568 0.294184 0.309463 0.000000 0.066329
 0.137640 0.138199 0.153876 0.124849 0.291813 0.301285 0.288935 0.298382
 0.271943 0.320081 0.320837 0.329289 0.380834 0.313005 0.300728 0.434723
 0.365098 0.299859 0.299026
SEQ0000007 0.352846 0.322285 0.311306 0.320278 0.331376 0.302111 0.267479
 0.268798 0.292045 0.290814 0.358283 0.302956 0.294839 0.289963 0.300978
 0.281642 0.282813 0.312096 0.308672 0.290544 0.310021 0.066329 0.000000
 0.137414 0.123767 0.153749 0.130836 0.314858 0.320033 0.283136 0.294733
 0.284559 0.313747 0.330784 0.339966 0.382121 0.328187 0.301293 0.440368
 0.379608 0.306368 0.294001
SEQ0000002 0.363749 0.300624 0.330397 0.291899 0.290423 0.288309 0.251149
 0.258797 0.274117 0.278844 0.330153 0.260181 0.278303 0.279617 0.273938
 0.276895 0.288042 0.283596 0.283534 0.268132 0.308617 0.137640 0.137414
 0.000000 0.138312 0.157821 0.155586 0.288761 0.300440 0.280349 0.293145
 0.275206 0.300997 0.317644 0.313865 0.346495 0.312440 0.288761 0.413429
 0.340394 0.288090 0.292584
SEQ0000004 0.354600 0.324037 0.323543 0.318506 0.322571 0.308948 0.268555
 0.270956 0.300997 0.287460 0.343766 0.276640 0.298884 0.273345 0.277056
 0.278919 0.278994 0.302399 0.298995 0.271752 0.300461 0.138199 0.123767
 0.138312 0.000000 0.151916 0.122888 0.312289 0.310309 0.291470 0.300931
 0.288450 0.301850 0.330153 0.317003 0.340784 0.315023 0.278710 0.417161
 0.350698 0.282358 0.275877
SEQ0000003 0.395156 0.346422 0.348455 0.353190 0.348711 0.324593 0.290933
 0.292314 0.314923 0.308105 0.363894 0.310130 0.318514 0.311850 0.311533
 0.308105 0.304668 0.331017 0.322868 0.308962 0.328982 0.153876 0.153749
 0.157821 0.151916 0.000000 0.152705 0.341888 0.342539 0.310927 0.323981
 0.311488 0.333424 0.367081 0.354441 0.382281 0.343682 0.316294 0.477693
 0.389684 0.335329 0.329681
SEQ0000005 0.345221 0.329126 0.308700 0.315023 0.312189 0.308369 0.268070
 0.268312 0.292349 0.274782 0.321895 0.268975 0.316409 0.285816 0.278994
 0.290006 0.271352 0.292009 0.283073 0.272345 0.312844 0.124849 0.130836
 0.155586 0.122888 0.152705 0.000000 0.310021 0.315151 0.295936 0.310018
 0.279652 0.317736 0.324285 0.326937 0.356797 0.310697 0.290480 0.453225
 0.371776 0.321841 0.302129
SEQ0000025 0.382380 0.358297 0.340170 0.363239 0.344339 0.379839 0.340026
 0.337747 0.335077 0.318160 0.365174 0.320684 0.328096 0.345933 0.349807
 0.327023 0.325525 0.333383 0.347614 0.327716 0.340017 0.291813 0.314858
 0.288761 0.312289 0.341888 0.310021 0.000000 0.340338 0.320928 0.333049
 0.323442 0.364773 0.366381 0.374887 0.410259 0.348221 0.344874 0.510489
 0.440408 0.372185 0.355689
SEQ0000036 0.418045 0.373161 0.367201 0.404089 0.412718 0.403774 0.371754
 0.368162 0.376212 0.382995 0.431938 0.339529 0.352426 0.326556 0.340458
 0.350882 0.346903 0.375581 0.370963 0.353091 0.369456 0.301285 0.320033
 0.300440 0.310309 0.342539 0.315151 0.340338 0.000000 0.348803 0.367374
 0.353725 0.369257 0.408155 0.383490 0.433750 0.390619 0.360852 0.464445
 0.410040 0.337737 0.372744
SEQ0000032 0.351459 0.334467 0.302129 0.323130 0.305600 0.284215 0.238910
 0.240140 0.275794 0.261776 0.312580 0.258764 0.257948 0.280815 0.283383
 0.284935 0.274964 0.273393 0.269834 0.266865 0.278756 0.288935 0.283136
 0.280349 0.291470 0.310927 0.295936 0.320928 0.348803 0.000000 0.064912
 0.103126 0.185518 0.300768 0.284935 0.301631 0.304665 0.258695 0.436185
 0.329143 0.293382 0.271049
SEQ0000033 0.353066 0.340793 0.308574 0.312787 0.316035 0.296792 0.251637
 0.259170 0.292468 0.268702 0.314246 0.272295 0.270504 0.291758 0.291527
 0.280026 0.272270 0.288067 0.282278 0.260989 0.275016 0.298382 0.294733
 0.293145 0.300931 0.323981 0.310018 0.333049 0.367374 0.064912 0.000000
 0.134231 0.176675 0.293638 0.288811 0.306985 0.315576 0.269652 0.447559
 0.335582 0.293859 0.279051
SEQ0000034 0.368849 0.326797 0.286032 0.302980 0.310331 0.270517 0.226189
 0.231406 0.264481 0.230987 0.296009 0.245557 0.240242 0.272718 0.279615
 0.278963 0.261665 0.258039 0.257675 0.248698 0.268455 0.271943 0.284559
 0.275206 0.288450 0.311488 0.279652 0.323442 0.353725 0.103126 0.134231
 0.000000 0.206999 0.294981 0.287969 0.314046 0.320382 0.264475 0.439912
 0.327091 0.293678 0.280468
SEQ0000035 0.357116 0.336951 0.333020 0.344215 0.325774 0.317572 0.268217
 0.266348 0.315177 0.279543 0.351794 0.298995 0.293167 0.310272 0.327534
 0.297412 0.301594 0.296911 0.300208 0.294954 0.328691 0.320081 0.313747
 0.300997 0.301850 0.333424 0.317736 0.364773 0.369257 0.185518 0.176675
 0.206999 0.000000 0.309101 0.311976 0.339584 0.321184 0.286553 0.464887
 0.359680 0.317703 0.305476
SEQ0000028 0.370483 0.366363 0.332283 0.365745 0.341352 0.349410 0.315310
 0.316732 0.337931 0.291739 0.345169 0.314460 0.313474 0.317143 0.325980
 0.322282 0.327134 0.353847 0.349742 0.320782 0.362913 0.320837 0.330784
 0.317644 0.330153 0.367081 0.324285 0.366381 0.408155 0.300768 0.293638
 0.294981 0.309101 0.000000 0.349691 0.364111 0.328823 0.344894 0.470133
 0.370519 0.326926 0.326926
SEQ0000021 0.393727 0.345575 0.334692 0.368495 0.353528 0.327370 0.290902
 0.298843 0.330903 0.335552 0.361236 0.306678 0.301773 0.311133 0.335075
 0.322172 0.315310 0.322118 0.323316 0.281462 0.320289 0.329289 0.339966
 0.313865 0.317003 0.354441 0.326937 0.374887 0.383490 0.284935 0.288811
 0.287969 0.311976 0.349691 0.000000 0.242478 0.231205 0.277761 0.404749
 0.304099 0.257032 0.258075
SEQ0000030 0.414597 0.366128 0.353406 0.403338 0.373692 0.352889 0.313926
 0.319915 0.357864 0.322228 0.381838 0.357112 0.347878 0.346093 0.348055
 0.343203 0.331442 0.352784 0.356622 0.311093 0.354927 0.380834 0.382121
 0.346495 0.340784 0.382281 0.356797 0.410259 0.433750 0.301631 0.306985
 0.314046 0.339584 0.364111 0.242478 0.000000 0.318794 0.332224 0.452412
 0.333951 0.329446 0.318672
SEQ0000022 0.368386 0.353071 0.329604 0.360547 0.335612 0.324405 0.284474
 0.284732 0.316809 0.310385 0.325939 0.290421 0.312045 0.346035 0.320583
 0.311176 0.315705 0.337706 0.342539 0.308057 0.369864 0.313005 0.328187
 0.312440 0.315023 0.343682 0.310697 0.348221 0.390619 0.304665 0.315576
 0.320382 0.321184 0.328823 0.231205 0.318794 0.000000 0.303542 0.475595
 0.394398 0.331769 0.290785
SEQ0000040 0.339934 0.320186 0.298796 0.357156 0.309387 0.308207 0.262180
 0.259109 0.281741 0.266332 0.313001 0.287132 0.260181 0.313180 0.315616
 0.289720 0.273613 0.288224 0.294876 0.260335 0.297924 0.300728 0.301293
 0.288761 0.278710 0.316294 0.290480 0.344874 0.360852 0.258695 0.269652
 0.264475 0.286553 0.344894 0.277761 0.332224 0.303542 0.000000 0.450535
 0.344948 0.295503 0.256451
SEQ0000001 0.499818 0.530409 0.526349 0.482210 0.482339 0.491707 0.448783
 0.454925 0.474426 0.467646 0.521226 0.453778 0.443263 0.478817 0.506575
 0.451657 0.468841 0.476129 0.479679 0.449299 0.461919 0.434723 0.440368
 0.413429 0.417161 0.477693 0.453225 0.510489 0.464445 0.436185 0.447559
 0.439912 0.464887 0.470133 0.404749 0.452412 0.475595 0.450535 0.000000
 0.324530 0.339098 0.389846
SEQ0000029 0.471526 0.406654 0.404810 0.431645 0.403166 0.390240 0.354324
 0.355493 0.389660 0.350927 0.400518 0.383748 0.363411 0.362228 0.381416
 0.363763 0.373521 0.370554 0.373166 0.357490 0.369554 0.365098 0.379608
 0.340394 0.350698 0.389684 0.371776 0.440408 0.410040 0.329143 0.335582
 0.327091 0.359680 0.370519 0.304099 0.333951 0.394398 0.344948 0.324530
 0.000000 0.264678 0.262766
SEQ0000031 0.387437 0.368541 0.346968 0.355606 0.353771 0.332808 0.299995
 0.305472 0.341908 0.309447 0.340482 0.333060 0.304967 0.310501 0.320828
 0.307986 0.312715 0.344894 0.335730 0.305762 0.318984 0.299859 0.306368
 0.288090 0.282358 0.335329 0.321841 0.372185 0.337737 0.293382 0.293859
 0.293678 0.317703 0.326926 0.257032 0.329446 0.331769 0.295503 0.339098
 0.264678 0.000000 0.193843
SEQ0000039 0.372736 0.341772 0.349691 0.375224 0.342755 0.329525 0.291389
 0.295692 0.326159 0.307851 0.346771 0.287295 0.279990 0.299971 0.325823
 0.298604 0.298890 0.324694 0.315753 0.262971 0.294695 0.299026 0.294001
 0.292584 0.275877 0.329681 0.302129 0.355689 0.372744 0.271049 0.279051
 0.280468 0.305476 0.326926 0.258075 0.318672 0.290785 0.256451 0.389846
 0.262766 0.193843 0.000000
