   44
Bacteroides_fragilis 0.000000 0.318485 0.318872 0.409993 0.366094 0.428593 0.379253
 0.377256 0.365261 0.366333 0.346805 0.323946 0.356424 0.360132 0.370630
 0.379815 0.390195 0.367809 0.347384 0.378754 0.398513 0.397761 0.418901
 0.360352 0.363495 0.372814 0.373660 0.403936 0.346369 0.401658 0.425823
 0.373379 0.374412 0.377610 0.387518 0.394442 0.403442 0.426333 0.375403
 0.366333 0.521863 0.476268 0.425864 0.404247
Chlorobium_limicola_M1 0.318485 0.000000 0.262045 0.352550 0.327953 0.353631 0.306205
 0.309021 0.300615 0.300615 0.308293 0.285057 0.358588 0.306312 0.296753
 0.338038 0.356198 0.316716 0.310531 0.327476 0.339803 0.332838 0.317167
 0.295715 0.314805 0.283450 0.308134 0.325688 0.311837 0.359247 0.386748
 0.337763 0.347739 0.319630 0.335618 0.375689 0.337776 0.358959 0.359241
 0.335927 0.521120 0.386567 0.372832 0.346553
Helicobacter_pylori_T_ATCC_43504 0.318872 0.262045 0.000000 0.317573 0.331852 0.345705 0.295248
 0.298069 0.288301 0.288301 0.331479 0.258884 0.337356 0.285221 0.281937
 0.283842 0.310555 0.290887 0.286384 0.315967 0.319309 0.310580 0.322103
 0.296425 0.315572 0.334103 0.329828 0.350004 0.314082 0.354846 0.391175
 0.312803 0.318262 0.286652 0.337079 0.331536 0.325659 0.347587 0.327325
 0.305526 0.553658 0.387117 0.361676 0.352407
Borrelia_burgdorferi_BbMS 0.409993 0.352550 0.317573 0.000000 0.255696 0.387807 0.338325
 0.338325 0.316021 0.316021 0.354129 0.326445 0.365655 0.328005 0.361496
 0.383276 0.336720 0.346968 0.350864 0.363139 0.363369 0.360325 0.364391
 0.308524 0.324975 0.296038 0.321170 0.356290 0.329525 0.385597 0.440840
 0.345028 0.338228 0.322242 0.368711 0.375689 0.385016 0.413426 0.358797
 0.393521 0.524630 0.466338 0.385620 0.401658
Treponema_sp._ovine_footrot 0.366094 0.327953 0.331852 0.255696 0.000000 0.348197 0.301824
 0.304582 0.309072 0.309072 0.317071 0.295867 0.330172 0.328379 0.341394
 0.376017 0.342312 0.351693 0.360072 0.347955 0.367638 0.370614 0.365170
 0.328283 0.343469 0.295183 0.336533 0.353168 0.325283 0.366905 0.453244
 0.324025 0.341145 0.320736 0.348464 0.360297 0.367691 0.380635 0.339830
 0.322321 0.529847 0.423097 0.383776 0.362841
la072.fasta 0.428593 0.353631 0.345705 0.387807 0.348197 0.000000 0.045042
 0.054776 0.133464 0.133464 0.210086 0.225682 0.332268 0.295361 0.315188
 0.341130 0.346313 0.316110 0.319963 0.345905 0.339122 0.317386 0.377478
 0.339128 0.336082 0.318834 0.334564 0.361251 0.319548 0.414708 0.424219
 0.300888 0.323252 0.279506 0.332268 0.392704 0.362302 0.380716 0.348564
 0.327621 0.541395 0.408226 0.383741 0.359037
lcl|S000824899_EF423589_Bacillus_subtilis_subsp._subtilis_F121112 0.379253 0.306205 0.295248 0.338325 0.301824 0.045042 0.000000
 0.009113 0.086468 0.086468 0.158962 0.184665 0.285992 0.240602 0.260177
 0.289247 0.294475 0.259451 0.263256 0.290061 0.283550 0.271720 0.326696
 0.279880 0.277082 0.261109 0.281283 0.303013 0.267368 0.362440 0.375268
 0.249610 0.271623 0.229781 0.279143 0.337502 0.308340 0.332679 0.295281
 0.281416 0.493277 0.351858 0.328854 0.311763
Bacillus_subtilis_subsp._subtilis_str._168_168 0.377256 0.309021 0.298069 0.338325 0.304582 0.054776 0.009113
 0.000000 0.090552 0.090465 0.164420 0.189495 0.288419 0.245691 0.265392
 0.298543 0.302373 0.267075 0.269555 0.300654 0.291372 0.280707 0.337687
 0.283765 0.279553 0.261109 0.286586 0.305548 0.269817 0.366485 0.379418
 0.254630 0.275410 0.234683 0.280188 0.340071 0.310819 0.332272 0.299501
 0.285110 0.494500 0.358831 0.332792 0.318432
la091.fasta 0.365261 0.300615 0.288301 0.316021 0.309072 0.133464 0.086468
 0.090552 0.000000 0.000000 0.170253 0.194355 0.283322 0.251870 0.277630
 0.313559 0.309301 0.267075 0.266912 0.300654 0.303752 0.284406 0.326985
 0.297976 0.289417 0.259441 0.295112 0.308455 0.279553 0.377028 0.389179
 0.281063 0.284403 0.257756 0.300243 0.366912 0.314361 0.356912 0.297746
 0.283772 0.504153 0.378381 0.342971 0.337013
lcl|S002440750_AB617573_Staphylococcus_epidermidis_T8-19M 0.366333 0.300615 0.288301 0.316021 0.309072 0.133464 0.086468
 0.090465 0.000000 0.000000 0.170080 0.194355 0.284365 0.252935 0.277304
 0.314608 0.310340 0.268103 0.267935 0.301688 0.304792 0.285428 0.328020
 0.299058 0.290495 0.259441 0.296193 0.309543 0.280626 0.378095 0.390265
 0.282115 0.285459 0.258797 0.301295 0.368007 0.313995 0.356468 0.297746
 0.284793 0.505383 0.379452 0.344032 0.338067
Lactobacillus_jensenii_KC13 0.346805 0.308293 0.331479 0.354129 0.317071 0.210086 0.158962
 0.164420 0.170253 0.170080 0.000000 0.205754 0.288477 0.273860 0.278709
 0.344437 0.348104 0.292032 0.283624 0.327533 0.329430 0.328199 0.379485
 0.301577 0.300139 0.277082 0.314639 0.321996 0.308438 0.354839 0.403454
 0.286648 0.305444 0.269963 0.323949 0.357942 0.344084 0.371330 0.327865
 0.292207 0.497993 0.402391 0.355868 0.344382
Clostridium_botulinum_E 0.323946 0.285057 0.258884 0.326445 0.295867 0.225682 0.184665
 0.189495 0.194355 0.194355 0.205754 0.000000 0.270144 0.251277 0.255994
 0.283433 0.272508 0.248518 0.240487 0.277706 0.272198 0.289247 0.315178
 0.289992 0.295747 0.287472 0.305927 0.317732 0.278612 0.331691 0.401291
 0.271447 0.276278 0.242854 0.296601 0.296543 0.341321 0.326905 0.301934
 0.264415 0.507663 0.359861 0.326039 0.316868
Fusobacterium_nucleatum_subsp._nucleatum_ATCC_25586_ATCC_25586 0.356424 0.358588 0.337356 0.365655 0.330172 0.332268 0.285992
 0.288419 0.283322 0.284365 0.288477 0.270144 0.000000 0.292820 0.328005
 0.348490 0.324717 0.306253 0.304456 0.333172 0.342268 0.333741 0.382337
 0.344407 0.356778 0.330027 0.352115 0.361921 0.320260 0.389294 0.454049
 0.332486 0.325807 0.315967 0.360338 0.363232 0.369617 0.389748 0.350444
 0.319453 0.543316 0.415698 0.361435 0.373379
Agrobacterium_sanguineum_ATCC_25660 0.360132 0.306312 0.285221 0.328005 0.328379 0.295361 0.240602
 0.245691 0.251870 0.252935 0.273860 0.251277 0.292820 0.000000 0.153235
 0.229452 0.236560 0.223995 0.217045 0.217045 0.222948 0.219555 0.292304
 0.273928 0.291228 0.253147 0.283290 0.301874 0.265425 0.336209 0.348696
 0.269024 0.284795 0.247831 0.307806 0.320911 0.310759 0.358672 0.280079
 0.291475 0.458939 0.377450 0.342220 0.297523
Paracoccus_denitrificans_IAM12479 0.370630 0.296753 0.281937 0.361496 0.341394 0.315188 0.260177
 0.265392 0.277630 0.277304 0.278709 0.255994 0.328005 0.153235 0.000000
 0.252743 0.265376 0.227108 0.238419 0.261270 0.253998 0.257308 0.315016
 0.290472 0.296334 0.284999 0.313430 0.323698 0.323297 0.338989 0.362630
 0.274255 0.287139 0.250083 0.304470 0.331265 0.307057 0.346972 0.310051
 0.259875 0.464059 0.362392 0.314121 0.298239
Burkholderia_cepacia_DSM_50181 0.379815 0.338038 0.283842 0.383276 0.376017 0.341130 0.289247
 0.298543 0.313559 0.314608 0.344437 0.283433 0.348490 0.229452 0.252743
 0.000000 0.131511 0.221047 0.211453 0.217452 0.217382 0.256260 0.294773
 0.296070 0.298979 0.289882 0.288844 0.323464 0.300439 0.370948 0.351890
 0.290837 0.301495 0.282028 0.325186 0.331215 0.315593 0.329550 0.343669
 0.334628 0.514623 0.369866 0.334701 0.340060
Neisseria_meningitidis_MC58_MC58 0.390195 0.356198 0.310555 0.336720 0.342312 0.346313 0.294475
 0.302373 0.309301 0.310340 0.348104 0.272508 0.324717 0.236560 0.265376
 0.131511 0.000000 0.211100 0.210206 0.219799 0.211197 0.278881 0.332192
 0.293213 0.301909 0.274275 0.283944 0.312940 0.291774 0.374366 0.368592
 0.301231 0.311985 0.295181 0.343206 0.341588 0.338179 0.336429 0.310213
 0.352272 0.540755 0.388234 0.342200 0.350505
Pseudomonas_aeruginosa_T_DSM50071 0.367809 0.316716 0.290887 0.346968 0.351693 0.316110 0.259451
 0.267075 0.267075 0.268103 0.292032 0.248518 0.306253 0.223995 0.227108
 0.221047 0.211100 0.000000 0.065259 0.175211 0.167646 0.264723 0.324100
 0.274599 0.277426 0.278085 0.288156 0.310004 0.298979 0.342863 0.364690
 0.302658 0.299128 0.285246 0.320774 0.347815 0.331691 0.343852 0.306625
 0.307939 0.479428 0.376457 0.336172 0.322583
Pseudomonas_putida_IAM_1236 0.347384 0.310531 0.286384 0.350864 0.360072 0.319963 0.263256
 0.269555 0.266912 0.267935 0.283624 0.240487 0.304456 0.217045 0.238419
 0.211453 0.210206 0.065259 0.000000 0.174489 0.175030 0.253095 0.301688
 0.280025 0.282859 0.292122 0.296485 0.305197 0.289992 0.346722 0.364014
 0.298023 0.295942 0.275263 0.335057 0.356817 0.321721 0.333319 0.315682
 0.295476 0.496421 0.384362 0.339391 0.328656
Escherichia_coli_CFT073_CFT073 0.378754 0.327476 0.315967 0.363139 0.347955 0.345905 0.290061
 0.300654 0.300654 0.301688 0.327533 0.277706 0.333172 0.217045 0.261270
 0.217452 0.219799 0.175211 0.174489 0.000000 0.046227 0.258753 0.316249
 0.294304 0.305927 0.286724 0.305193 0.333573 0.300093 0.351392 0.378921
 0.279738 0.300224 0.262945 0.307665 0.373471 0.321654 0.339331 0.337763
 0.307560 0.490674 0.372841 0.351102 0.353480
Klebsiella_pneumoniae_F-5-2 0.398513 0.339803 0.319309 0.363369 0.367638 0.339122 0.283550
 0.291372 0.303752 0.304792 0.329430 0.272198 0.342268 0.222948 0.253998
 0.217382 0.211197 0.167646 0.175030 0.046227 0.000000 0.260187 0.327621
 0.300077 0.305934 0.296425 0.303733 0.329120 0.301537 0.368533 0.388617
 0.282441 0.300209 0.268261 0.312366 0.369031 0.327956 0.344550 0.341321
 0.317751 0.497295 0.376630 0.335376 0.324706
Myxococcus_macrosporus_125-10-1 0.397761 0.332838 0.310580 0.360325 0.370614 0.317386 0.271720
 0.280707 0.284406 0.285428 0.328199 0.289247 0.333741 0.219555 0.257308
 0.256260 0.278881 0.264723 0.253095 0.258753 0.260187 0.000000 0.271471
 0.299734 0.291080 0.272225 0.289648 0.322208 0.285366 0.356928 0.382187
 0.286784 0.279889 0.264451 0.311937 0.351839 0.287638 0.311945 0.317092
 0.273344 0.469323 0.369295 0.334074 0.296177
Leptospirillum_ferrooxidans_49879 0.418901 0.317167 0.322103 0.364391 0.365170 0.377478 0.326696
 0.337687 0.326985 0.328020 0.379485 0.315178 0.382337 0.292304 0.315016
 0.294773 0.332192 0.324100 0.301688 0.316249 0.327621 0.271471 0.000000
 0.301567 0.298684 0.300839 0.280954 0.320970 0.301567 0.374794 0.387763
 0.301975 0.300632 0.289025 0.343420 0.368651 0.312573 0.340973 0.355970
 0.318273 0.481489 0.377363 0.330578 0.308231
Anabaena_circinalis_123 0.360352 0.295715 0.296425 0.308524 0.328283 0.339128 0.279880
 0.283765 0.297976 0.299058 0.301577 0.289992 0.344407 0.273928 0.290472
 0.296070 0.293213 0.274599 0.280025 0.294304 0.300077 0.299734 0.301567
 0.000000 0.054624 0.145874 0.132729 0.151570 0.118011 0.291915 0.305184
 0.299376 0.304391 0.273424 0.318008 0.322993 0.325206 0.385319 0.324179
 0.326445 0.440840 0.352115 0.307748 0.312871
Nostoc_sp._TDI_AR94_TDI_AR94 0.363495 0.314805 0.315572 0.324975 0.343469 0.336082 0.277082
 0.279553 0.289417 0.290495 0.300139 0.295747 0.356778 0.291228 0.296334
 0.298979 0.301909 0.277426 0.282859 0.305927 0.305934 0.291080 0.298684
 0.054624 0.000000 0.144708 0.121382 0.151570 0.123638 0.319428 0.336239
 0.282192 0.289921 0.274823 0.307734 0.336623 0.337321 0.385319 0.336338
 0.324959 0.444507 0.367773 0.319548 0.308472
Synechococcus_sp._MW6C6_MW6C6 0.372814 0.283450 0.334103 0.296038 0.295183 0.318834 0.261109
 0.261109 0.259441 0.259441 0.277082 0.287472 0.330027 0.253147 0.284999
 0.289882 0.274275 0.278085 0.292122 0.286724 0.296425 0.272225 0.300839
 0.145874 0.144708 0.000000 0.145874 0.163937 0.165978 0.300124 0.312120
 0.278612 0.290749 0.271268 0.291475 0.328716 0.311459 0.357072 0.323464
 0.314303 0.415017 0.322919 0.297193 0.306654
Oscillatoria_corallinae_CJ1_SAG8.92 0.373660 0.308134 0.329828 0.321170 0.336533 0.334564 0.281283
 0.286586 0.295112 0.296193 0.314639 0.305927 0.352115 0.283290 0.313430
 0.288844 0.283944 0.288156 0.296485 0.305193 0.303733 0.289648 0.280954
 0.132729 0.121382 0.145874 0.000000 0.162217 0.128170 0.323476 0.333919
 0.303008 0.308045 0.286857 0.305548 0.343453 0.328922 0.359180 0.335923
 0.309522 0.435988 0.348163 0.301197 0.300481
Microcystis_aeruginosa_NIES98 0.403936 0.325688 0.350004 0.356290 0.353168 0.361251 0.303013
 0.305548 0.308455 0.309543 0.321996 0.317732 0.361921 0.301874 0.323698
 0.323464 0.312940 0.310004 0.305197 0.333573 0.329120 0.322208 0.320970
 0.151570 0.151570 0.163937 0.162217 0.000000 0.153759 0.360347 0.365488
 0.311055 0.323789 0.313625 0.329925 0.380684 0.361031 0.387194 0.360132
 0.339952 0.493349 0.388630 0.363949 0.349022
Planktothrix_agardhii_CCAP 0.346369 0.311837 0.314082 0.329525 0.325283 0.319548 0.267368
 0.269817 0.279553 0.280626 0.308438 0.278612 0.320260 0.265425 0.323297
 0.300439 0.291774 0.298979 0.289992 0.300093 0.301537 0.285366 0.301567
 0.118011 0.123638 0.165978 0.128170 0.153759 0.000000 0.310260 0.337339
 0.304827 0.317273 0.287196 0.316152 0.319609 0.332348 0.363547 0.322279
 0.315727 0.466897 0.368895 0.340237 0.313965
Chlamydophila_psittaci_6BC_ATCC_VR-125_M13mp8_M13mp9 0.401658 0.359247 0.354846 0.385597 0.366905 0.414708 0.362440
 0.366485 0.377028 0.378095 0.354839 0.331691 0.389294 0.336209 0.338989
 0.370948 0.374366 0.342863 0.346722 0.351392 0.368533 0.356928 0.374794
 0.291915 0.319428 0.300124 0.323476 0.360347 0.310260 0.000000 0.351626
 0.338179 0.355639 0.336296 0.377832 0.393589 0.399846 0.437256 0.365168
 0.376916 0.531288 0.458037 0.390536 0.393900
Planctomyces_sp._282_282 0.425823 0.386748 0.391175 0.440840 0.453244 0.424219 0.375268
 0.379418 0.389179 0.390265 0.403454 0.401291 0.454049 0.348696 0.362630
 0.351890 0.368592 0.364690 0.364014 0.378921 0.388617 0.382187 0.387763
 0.305184 0.336239 0.312120 0.333919 0.365488 0.337339 0.351626 0.000000
 0.362532 0.385261 0.372920 0.379050 0.440840 0.392745 0.435841 0.394936
 0.391616 0.465060 0.402960 0.360969 0.401272
Rhodococcus_equi_T_DSM20307T 0.373379 0.337763 0.312803 0.345028 0.324025 0.300888 0.249610
 0.254630 0.281063 0.282115 0.286648 0.271447 0.332486 0.269024 0.274255
 0.290837 0.301231 0.302658 0.298023 0.279738 0.282441 0.286784 0.301975
 0.299376 0.282192 0.278612 0.303008 0.311055 0.304827 0.338179 0.362532
 0.000000 0.078765 0.111315 0.207105 0.314478 0.280153 0.295824 0.291915
 0.275063 0.460926 0.332554 0.310143 0.303037
Mycobacterium_sp._DhA-55 0.374412 0.347739 0.318262 0.338228 0.341145 0.323252 0.271623
 0.275410 0.284403 0.285459 0.305444 0.276278 0.325807 0.284795 0.287139
 0.301495 0.311985 0.299128 0.295942 0.300224 0.300209 0.279889 0.300632
 0.304391 0.289921 0.290749 0.308045 0.323789 0.317273 0.355639 0.385261
 0.078765 0.000000 0.150622 0.194348 0.309534 0.289255 0.307059 0.309988
 0.292253 0.468648 0.334906 0.310798 0.310945
Streptomyces_sp._EF-93_EF-93 0.377610 0.319630 0.286652 0.322242 0.320736 0.279506 0.229781
 0.234683 0.257756 0.258797 0.269963 0.242854 0.315967 0.247831 0.250083
 0.282028 0.295181 0.285246 0.275263 0.262945 0.268261 0.264451 0.289025
 0.273424 0.274823 0.271268 0.286857 0.313625 0.287196 0.336296 0.372920
 0.111315 0.150622 0.000000 0.217006 0.310166 0.282603 0.309049 0.308806
 0.278825 0.460805 0.334701 0.312272 0.313336
Bifidobacterium_breve_ATCC_15700 0.387518 0.335618 0.337079 0.368711 0.348464 0.332268 0.279143
 0.280188 0.300243 0.301295 0.323949 0.296601 0.360338 0.307806 0.304470
 0.325186 0.343206 0.320774 0.335057 0.307665 0.312366 0.311937 0.343420
 0.318008 0.307734 0.291475 0.305548 0.329925 0.316152 0.377832 0.379050
 0.207105 0.194348 0.217006 0.000000 0.322724 0.311937 0.330864 0.304457
 0.310410 0.493970 0.361190 0.338989 0.334584
Fibrobacter_succinogenes_HM2 0.394442 0.375689 0.331536 0.375689 0.360297 0.392704 0.337502
 0.340071 0.366912 0.368007 0.357942 0.296543 0.363232 0.320911 0.331265
 0.331215 0.341588 0.347815 0.356817 0.373471 0.369031 0.351839 0.368651
 0.322993 0.336623 0.328716 0.343453 0.380684 0.319609 0.393589 0.440840
 0.314478 0.309534 0.310166 0.322724 0.000000 0.350931 0.379228 0.328536
 0.365335 0.504628 0.359462 0.346718 0.345220
Thermus_thermophilus_T 0.403442 0.337776 0.325659 0.385016 0.367691 0.362302 0.308340
 0.310819 0.314361 0.313995 0.344084 0.341321 0.369617 0.310759 0.307057
 0.315593 0.338179 0.331691 0.321721 0.321654 0.327956 0.287638 0.312573
 0.325206 0.337321 0.311459 0.328922 0.361031 0.332348 0.399846 0.392745
 0.280153 0.289255 0.282603 0.311937 0.350931 0.000000 0.252598 0.235701
 0.281168 0.427219 0.306549 0.258548 0.281318
Chloroflexus_aurantiacus_Y-400-fl 0.426333 0.358959 0.347587 0.413426 0.380635 0.380716 0.332679
 0.332272 0.356912 0.356468 0.371330 0.326905 0.389748 0.358672 0.346972
 0.329550 0.336429 0.343852 0.333319 0.339331 0.344550 0.311945 0.340973
 0.385319 0.385319 0.357072 0.359180 0.387194 0.363547 0.437256 0.435841
 0.295824 0.307059 0.309049 0.330864 0.379228 0.252598 0.000000 0.338911
 0.328749 0.483990 0.340475 0.326400 0.327271
Deinococcus_radiodurans_R1 0.375403 0.359241 0.327325 0.358797 0.339830 0.348564 0.295281
 0.299501 0.297746 0.297746 0.327865 0.301934 0.350444 0.280079 0.310051
 0.343669 0.310213 0.306625 0.315682 0.337763 0.341321 0.317092 0.355970
 0.324179 0.336338 0.323464 0.335923 0.360132 0.322279 0.365168 0.394936
 0.291915 0.309988 0.308806 0.304457 0.328536 0.235701 0.338911 0.000000
 0.326617 0.500683 0.396791 0.342382 0.305878
Deferribacter_thermophilus_T_BMA1 0.366333 0.335927 0.305526 0.393521 0.322321 0.327621 0.281416
 0.285110 0.283772 0.284793 0.292207 0.264415 0.319453 0.291475 0.259875
 0.334628 0.352272 0.307939 0.295476 0.307560 0.317751 0.273344 0.318273
 0.326445 0.324959 0.314303 0.309522 0.339952 0.315727 0.376916 0.391616
 0.275063 0.292253 0.278825 0.310410 0.365335 0.281168 0.328749 0.326617
 0.000000 0.459319 0.334332 0.306851 0.279242
Methanococcus_jannaschii 0.521863 0.521120 0.553658 0.524630 0.529847 0.541395 0.493277
 0.494500 0.504153 0.505383 0.497993 0.507663 0.543316 0.458939 0.464059
 0.514623 0.540755 0.479428 0.496421 0.490674 0.497295 0.469323 0.481489
 0.440840 0.444507 0.415017 0.435988 0.493349 0.466897 0.531288 0.465060
 0.460926 0.468648 0.460805 0.493970 0.504628 0.427219 0.483990 0.500683
 0.459319 0.000000 0.346201 0.361040 0.408412
Aquifex_aeolicus_VF5_VF5 0.476268 0.386567 0.387117 0.466338 0.423097 0.408226 0.351858
 0.358831 0.378381 0.379452 0.402391 0.359861 0.415698 0.377450 0.362392
 0.369866 0.388234 0.376457 0.384362 0.372841 0.376630 0.369295 0.377363
 0.352115 0.367773 0.322919 0.348163 0.388630 0.368895 0.458037 0.402960
 0.332554 0.334906 0.334701 0.361190 0.359462 0.306549 0.340475 0.396791
 0.334332 0.346201 0.000000 0.257270 0.263832
Thermotoga_maritima_T 0.425864 0.372832 0.361676 0.385620 0.383776 0.383741 0.328854
 0.332792 0.342971 0.344032 0.355868 0.326039 0.361435 0.342220 0.314121
 0.334701 0.342200 0.336172 0.339391 0.351102 0.335376 0.334074 0.330578
 0.307748 0.319548 0.297193 0.301197 0.363949 0.340237 0.390536 0.360969
 0.310143 0.310798 0.312272 0.338989 0.346718 0.258548 0.326400 0.342382
 0.306851 0.361040 0.257270 0.000000 0.198219
uc_Thermodesulfobacterium_sp._BSpN50 0.404247 0.346553 0.352407 0.401658 0.362841 0.359037 0.311763
 0.318432 0.337013 0.338067 0.344382 0.316868 0.373379 0.297523 0.298239
 0.340060 0.350505 0.322583 0.328656 0.353480 0.324706 0.296177 0.308231
 0.312871 0.308472 0.306654 0.300481 0.349022 0.313965 0.393900 0.401272
 0.303037 0.310945 0.313336 0.334584 0.345220 0.281318 0.327271 0.305878
 0.279242 0.408412 0.263832 0.198219 0.000000
